0.5750460000001567
0.546332300000131
0.6240651999999045
0.475332200000139
0.5010131999999885
0.8034494000000905
0.8227155000001858
0.521442099999831
0.49232089999986783
0.53922979999993
0.831624500000089
1.0756039000000328
0.4863460000001396
0.789245499999879
1.2351542000001245
0.5083442000000105
0.7514933999998448
0.4878105999998752
0.46403399999985595
0.6560617000000093
0.5104992000001403
0.509552499999927
0.7980916999999863
0.7768325000001823
0.643824099999847
0.7414039999998749
0.5268926999999621
0.537776200000053
0.5122954000000846
0.5988697000000229
0.5724165999999968
0.544834499999979
0.5384438999999475
0.5756070999998428
0.5065114000001358
0.535566400000107
0.5341060000000653
0.8087222000001475
0.6649686999999176
0.49860260000014023
0.52843299999995
0.5289296999999351
1.142404899999974
1.1305442000000312
0.6241683999999168
0.6632588999998461
0.6268572000001313
0.5232336999999916
0.5526484000001801
0.5715692999999646
0.5090950999999677
0.6060099999999693
1.4461751999999706
0.8219724000000497
0.5373222999999143
0.5076461000001018
1.2387145999998666
0.5203403000000435
0.6217109000001528
0.7985305999998218
0.5047202000000652
0.5403851000000941
0.5533303999998225
0.6655955999999605
0.8076456999999664
0.5138644999999542
0.8571154999999635
0.46175089999997
0.5760775000001104
0.6790426999998544
0.6207362000000103
0.8872424999999566
0.5256408000000192
0.5283288999999058
0.5290969000000132
0.5327187999998841
0.6069511000000603
0.5508084000000508
0.4673903000000337
0.839765300000181
0.5594234999998662
0.49474110000005567
0.4782141999999112
1.1125782999997682
0.561225899999954
0.5002529999997023
0.553443100000095
0.8302407999999559
0.5880762000001596
0.5516511999999238
0.5200506000001042
0.5220377000000553
0.5269555999998374
0.583100899999863
0.5131967000002078
0.6268506999999772
0.4755292000004374
0.5334333999999217
0.7824639999998908
0.7695478999999068
0.6408667999999125
0.5156815000000279
0.4875566999999137
0.5061063999996804
0.5999510999999984
0.46938300000010713
0.8693487999998979
0.5681008000001384
0.48890430000028573
0.5300551000000269
0.5586140999998861
0.5203065999999126
0.46228419999988546
0.4901362999999037
0.49223540000002686
0.9863755999999739
0.4955974999998034
0.5504258000000846
0.5225666000001183
0.5156749000002492
0.8682507999997142
0.5197659000000385
0.541781699999774
0.6095585999996729
0.5289709000003313
0.803633400000308
0.48821029999999155
0.5362147999999252
0.5104606999998396
0.8075150000004214
0.5426051999997981
0.5009629000001041
0.4612891000001582
0.8124590000002172
0.5295120999999199
0.5570572999999968
0.4888433000000987
0.8274666000002071
0.4922622999997657
0.4606097000000773
0.5558949999999641
0.8048757000001387
0.5527258000001893
0.5807196000000658
0.5169227000001229
1.0994412000000011
0.8330678000002081
0.534298100000342
0.8837930999998207
0.5366447000001244
0.5152791000000434
1.1103935999999521
0.8823030999997172
0.5399714000000131
0.4888530000002902
0.8246212999997624
0.5340338000000884
0.4708680000003369
0.6023528000000624
1.059557699999914
0.4911928000001353
0.4865852000002633
0.6219430999999531
0.514270900000156
0.5232927999995809
0.8553769000000102
0.5280946000002587
0.5627215999998043
1.136661600000025
0.4961719000002631
0.5177251000000069
0.7906867000001512
0.5291602000002058
0.8918687999998838
0.49977389999958177
0.9190822999999
0.5436520000002929
0.614965399999619
0.5402708999999959
